4 3 11 582 61 
4 3 11 582 277 
4 3 11 582 1957 
4 3 11 582 2074 
3 3 11 280 
3 3 11 330 
3 3 11 689 
3 3 11 951 
3 3 11 997 
3 3 11 1372 
3 3 11 1581 
3 3 11 2146 
4 3 11 415 61 
4 3 11 607 61 
4 3 11 939 61 
5 3 11 6 14 20 
3 3 0 1106 
3 3 28 879 
3 3 161 162 
3 3 196 997 
3 3 439 441 
3 3 661 61 
3 3 712 709 
3 3 856 1354 
3 3 1037 1035 
3 3 1060 939 
3 3 1103 61 
3 3 1199 713 
3 3 1540 137 
3 3 1547 582 
3 3 1585 582 
3 3 1721 137 
3 3 1727 1725 
3 3 1769 137 
3 3 1832 1833 
3 3 2193 1588 
4 3 66 52 61 
4 3 512 1206 162 
3 3 682 582 
3 3 682 683 
3 3 683 137 
3 3 698 61 
3 3 698 689 
3 3 709 713 
3 3 1035 162 
4 3 1041 1043 1039 
3 3 1124 878 
3 3 1124 951 
3 3 1243 951 
3 3 1243 2074 
4 3 1399 1737 1394 
3 3 1588 885 
3 3 1725 547 
3 3 1818 53 
3 3 1818 550 
4 3 1953 1469 885 
3 3 2149 52 
3 3 2149 885 
4 3 2256 551 550 
5 3 84 438 1019 1020 
5 3 257 282 280 283 
4 3 547 551 550 
4 3 879 582 61 
5 3 940 941 878 938 
3 3 1082 61 
3 3 1082 1039 
3 3 1082 1394 
5 3 1917 1469 582 885 
4 3 52 53 61 
3 3 713 938 
3 3 713 1394 
3 3 1039 1005 
4 3 53 61 582 
4 3 53 61 607 
3 3 162 61 
4 3 1005 1469 582 
3 3 1005 997 
3 3 1005 1581 
3 3 1394 885 
3 3 137 61 
3 3 137 277 
4 3 885 2074 582 
3 7 14 6 
3 62 66 52 
3 145 2216 8 
3 151 253 152 
3 160 1433 159 
3 177 174 2078 
3 200 199 1291 
3 259 859 142 
3 360 1 2 
3 368 364 250 
3 393 401 389 
3 428 425 426 
3 451 453 452 
3 471 253 152 
3 477 475 476 
3 479 470 951 
3 491 147 258 
3 556 557 316 
3 568 528 532 
3 585 586 587 
3 591 588 605 
3 623 621 620 
3 630 427 191 
3 640 641 204 
3 681 656 665 
3 694 689 698 
3 718 324 330 
3 729 726 724 
3 749 739 662 
3 754 1341 751 
3 813 599 593 
3 835 1322 829 
3 850 720 808 
3 874 873 144 
3 898 899 896 
3 900 901 902 
3 908 906 859 
3 933 910 1737 
3 956 840 1683 
3 984 985 604 
3 995 996 1990 
3 1006 781 1007 
3 1023 1024 2329 
3 1030 343 348 
3 1034 1036 1033 
3 1061 1064 1060 
3 1076 584 56 
3 1152 1149 1151 
3 1187 1189 1704 
3 1212 509 1206 
3 1293 1246 1244 
3 1337 183 184 
3 1395 1397 1394 
3 1460 1461 1195 
3 1487 836 834 
3 1489 1491 1492 
3 1523 1524 1525 
3 1534 1536 789 
3 1553 543 1554 
3 1587 71 72 
3 1591 74 1588 
3 1592 789 1588 
3 1600 1601 131 
3 1603 1604 711 
3 1611 2041 1612 
3 1659 1657 44 
3 1685 1399 1737 
3 1696 215 214 
3 1706 1189 1704 
3 1713 95 11 
3 1726 1727 1725 
3 1747 1749 1750 
3 1758 254 56 
3 1783 1781 1578 
3 1789 1560 1561 
3 1793 1556 1794 
3 1817 405 115 
3 1830 505 508 
3 1889 1888 1991 
3 1904 1576 1578 
3 1944 254 257 
3 1961 1248 2311 
3 2010 2002 55 
3 2012 54 2013 
3 2051 203 204 
3 2060 455 2061 
3 2067 1902 249 
3 2077 1350 869 
3 2099 203 204 
3 2101 2102 1329 
3 2124 369 367 
3 2133 2134 68 
3 2155 572 137 
3 2195 697 698 
3 2336 2337 2338 
3 2348 708 1237 
3 2359 34 31 
3 2406 1211 580 
3 2412 1536 789 
3 2414 583 57 
3 2468 744 590 
3 2496 970 114 
3 2510 1036 1033 
3 2514 2513 2515 
3 2518 1268 219 
3 2579 2268 107 
3 2593 56 61 
3 2639 106 107 
3 2702 1091 699 
3 37 31 32 
3 37 31 33 
3 47 1496 45 
3 47 1496 1497 
4 75 76 77 1722 
4 105 104 106 107 
3 118 50 113 
4 120 119 50 113 
3 166 167 128 
3 221 57 61 
3 319 315 256 
3 319 315 2357 
3 322 2334 323 
4 352 351 249 1882 
3 370 57 249 
3 370 57 371 
4 487 488 419 484 
3 493 490 258 
3 493 490 1402 
3 499 977 1286 
3 566 567 44 
3 566 567 1863 
3 574 570 571 
3 574 570 907 
3 584 53 56 
3 617 616 24 
3 617 616 299 
3 624 621 620 
3 638 637 230 
3 638 637 639 
3 653 655 654 
3 653 655 1652 
4 684 1021 682 683 
3 690 699 689 
3 714 2013 709 
3 725 728 724 
4 740 739 590 662 
4 745 739 659 662 
4 759 758 756 760 
3 773 771 204 
4 795 657 590 661 
4 796 744 590 657 
3 804 391 721 
3 804 391 1479 
3 820 33 823 
3 867 868 204 
3 867 868 869 
4 893 894 891 892 
3 905 848 376 
3 912 913 317 
4 920 548 550 2256 
3 1002 1902 249 
3 1013 1011 1012 
3 1016 1060 1014 
3 1016 1060 1064 
4 1046 244 243 245 
3 1058 657 661 
3 1088 1087 1091 
3 1088 1087 1092 
3 1127 503 500 
3 1150 1151 1054 
3 1150 1151 1149 
3 1154 51 137 
4 1162 1158 1163 1291 
3 1267 56 53 
3 1301 1300 1302 
3 1308 1310 2198 
3 1328 1327 1330 
3 1328 1327 2226 
4 1424 1429 1423 1430 
3 1427 1430 1423 
4 1428 1429 1423 1430 
4 1459 218 220 358 
3 1493 517 298 
3 1497 951 1496 
3 1550 1862 1863 
4 1569 1570 1888 1991 
3 1653 1786 594 
3 1679 509 162 
3 1686 1843 1687 
4 1735 1734 1492 1934 
3 1738 1399 1737 
3 1772 1300 1302 
3 1791 517 298 
4 1823 1824 1419 1822 
3 1883 57 371 
3 1883 57 583 
4 1890 1570 1888 1991 
3 1897 57 61 
4 2007 56 53 61 
3 2021 2022 2458 
3 2025 2024 686 
4 2028 583 57 249 
3 2032 583 57 
3 2045 249 57 
3 2046 85 78 
3 2046 85 1504 
3 2052 344 345 
4 2131 583 57 249 
4 2160 1266 150 1265 
3 2186 2391 1561 
3 2192 2013 582 
4 2255 921 550 551 
3 2268 1419 107 
3 2291 46 45 
3 2330 56 53 
3 2330 56 57 
3 2334 1155 323 
3 2339 953 545 
3 2339 953 1105 
4 2346 2345 98 1198 
3 2350 289 357 
3 2353 249 57 
4 2370 548 550 551 
3 2392 289 358 
3 2403 911 436 
3 2407 106 107 
3 2483 404 399 
3 2535 895 298 
3 2600 69 70 
3 2600 69 72 
3 2602 2103 303 
3 2692 134 133 
5 4 5 0 1 2 
4 36 34 31 32 
3 69 71 70 
3 69 71 72 
3 165 163 164 
3 165 163 1242 
3 165 1239 164 
3 165 1239 1242 
4 217 219 218 220 
4 244 242 243 245 
4 255 9 8 142 
4 255 9 8 970 
3 269 8 1243 
3 321 256 8 
3 321 256 315 
3 321 2357 315 
5 325 327 324 331 332 
4 335 336 338 339 
4 336 2329 338 339 
3 349 350 53 
3 349 350 65 
3 349 56 53 
3 423 71 70 
3 423 71 72 
4 429 425 188 426 
3 429 425 431 
5 433 110 109 111 435 
4 485 484 419 213 
4 485 484 419 488 
3 486 484 419 
3 494 8 11 
4 529 531 527 532 
3 571 570 420 
3 571 570 573 
3 573 570 572 
3 573 570 907 
3 625 621 620 
3 637 233 230 
3 695 1092 1087 
3 752 750 744 
5 761 1028 290 762 2463 
3 771 2257 204 
5 791 790 677 789 792 
5 794 790 677 789 792 
3 811 379 350 
3 811 379 375 
3 811 379 812 
3 812 2480 379 
5 853 1031 854 855 856 
4 861 198 402 403 
3 872 142 8 
3 949 252 1190 
4 958 959 854 960 
4 958 959 854 1031 
3 985 798 604 
3 1011 203 204 
3 1014 939 821 
3 1014 939 1060 
3 1113 762 290 
3 1121 65 350 
3 1139 44 135 
5 1146 1147 1144 1145 1148 
5 1182 185 184 189 426 
4 1207 513 162 1206 
3 1377 167 128 
3 1397 1396 1394 
3 1508 1350 377 
3 1508 1350 869 
3 1508 868 869 
4 1512 344 345 348 
3 1512 344 346 
3 1518 57 56 
3 1518 57 583 
3 1518 57 1519 
3 1557 2281 55 
3 1557 2281 1124 
3 1557 2119 55 
4 1576 1577 1578 1782 
4 1577 1781 1578 1782 
3 1614 921 2013 
5 1640 1641 216 1875 2055 
4 1680 511 162 509 
3 1680 511 1742 
3 1750 183 184 
3 1764 253 152 
3 1765 106 107 
5 1790 1571 1560 1561 2391 
3 1865 1657 150 
3 1918 582 1917 
3 1918 582 2013 
3 1922 2223 2037 
5 1976 366 363 367 369 
3 2005 517 298 
3 2102 1329 1376 
3 2102 1329 2226 
4 2172 517 298 2660 
3 2174 2312 1208 
3 2174 2312 1209 
4 2239 289 218 272 
3 2267 106 107 
4 2345 97 98 1198 
3 2476 1093 357 
3 2485 114 2013 
3 2485 114 2215 
3 2673 582 55 
3 2673 582 1211 
3 21 16 6 
3 33 34 31 
3 58 2013 709 
6 108 110 109 111 112 435 
4 132 133 129 134 
3 132 133 1206 
3 199 1291 8 
3 199 1291 2074 
3 199 142 8 
3 245 56 242 
3 248 57 155 
3 248 57 249 
4 296 299 291 301 
5 306 304 305 458 307 
5 306 304 305 458 308 
5 347 341 340 344 345 
5 347 341 340 344 346 
4 365 363 250 367 
4 413 552 38 137 
3 413 552 298 
4 434 438 109 112 
3 434 438 1019 
6 446 518 227 231 241 1190 
3 472 249 57 
5 510 509 1206 1213 162 
5 510 509 1206 1213 500 
3 531 18 532 
5 544 465 545 546 307 
5 544 465 545 546 308 
5 611 612 613 614 615 
3 616 30 24 
3 616 30 98 
3 626 621 620 
4 639 1191 231 237 
4 685 688 402 406 
4 696 689 697 698 
3 696 689 692 
4 727 728 724 726 
5 806 805 391 808 402 
5 806 805 391 808 720 
5 830 1322 580 713 829 
4 839 840 364 957 
4 839 840 364 1683 
4 839 840 590 957 
4 839 840 590 1683 
3 857 583 57 
3 902 951 11 
3 902 951 470 
4 937 941 938 940 
4 937 941 938 942 
3 942 1474 941 
3 944 142 8 
5 963 962 966 293 965 
4 963 962 966 964 
5 965 294 293 962 966 
3 977 649 1286 
5 1028 1025 290 762 2463 
3 1029 56 61 
4 1094 1095 1096 1097 
4 1095 1097 1194 1096 
4 1095 1097 1194 1098 
5 1102 750 660 666 744 
3 1105 546 953 
5 1147 401 1144 1145 1148 
3 1227 436 298 
3 1227 436 554 
3 1261 287 1260 
3 1273 848 376 
4 1275 65 350 61 
4 1275 65 350 1236 
3 1284 205 298 
3 1284 205 852 
3 1327 1329 1330 
3 1327 1329 2226 
3 1376 1330 1329 
6 1435 223 222 914 915 1436 
3 1467 134 133 
3 1513 106 107 
3 1521 377 61 
5 1571 605 1560 1561 2391 
3 1575 2013 582 
3 1575 2013 1124 
3 1575 2074 582 
3 1621 1298 2352 
4 1649 788 65 350 
4 1657 1265 44 150 
3 1717 583 57 
5 1723 660 590 657 670 
3 1754 97 55 
4 1824 107 1822 106 
4 1824 107 1822 1419 
3 1847 57 155 
3 1847 57 249 
3 1847 57 371 
3 1862 1863 567 
3 1862 1863 580 
4 2002 98 55 97 
3 2019 205 298 
3 2019 205 852 
3 2019 895 298 
4 2230 788 65 350 
3 2257 203 204 
5 2366 85 438 78 84 
4 2366 85 438 1504 
5 2445 366 363 367 369 
4 2497 2216 9 142 
4 2497 2216 9 2215 
3 2549 55 709 
3 2549 55 1394 
3 2568 55 582 
3 2583 377 2660 
3 2606 2542 212 
3 2672 299 291 
3 2672 44 135 
3 41 588 605 
3 124 594 588 
5 136 137 8 114 970 
4 136 137 8 971 
5 136 137 139 114 970 
5 141 148 194 8 971 
4 141 148 194 195 
4 141 148 194 196 
4 147 142 8 11 
4 147 142 8 114 
3 147 142 258 
3 149 18 67 
3 149 18 257 
3 149 18 672 
3 149 8 257 
3 149 8 672 
3 178 480 482 
4 223 1437 222 1436 
3 234 614 1106 
4 260 698 689 697 
3 260 698 1197 
5 292 297 299 291 301 
4 292 297 299 2279 
3 300 61 56 
3 300 61 350 
3 300 291 301 
5 302 291 301 293 294 
5 302 291 301 293 299 
5 302 291 301 297 299 
4 323 1155 634 1242 
7 328 326 324 327 329 330 332 
4 342 341 340 345 
4 342 341 340 346 
5 366 250 363 367 369 
6 394 404 115 389 395 399 
3 492 51 135 
5 501 513 1206 504 162 
5 501 513 1206 504 500 
4 501 513 1206 1208 
4 502 1206 162 512 
4 502 1206 162 513 
4 502 1206 500 512 
4 502 1206 500 513 
6 540 538 135 533 535 51 
6 540 538 135 533 535 537 
5 612 1106 613 614 615 
4 613 1064 614 615 
3 687 408 403 
3 692 689 357 
3 692 689 693 
3 692 657 662 
3 693 699 689 
3 693 699 1091 
3 693 699 1092 
3 693 698 689 
4 697 357 689 698 
4 728 208 724 726 
7 763 390 115 395 399 404 406 
5 793 790 677 789 792 
3 831 580 97 
3 831 580 829 
5 959 854 855 856 1031 
4 959 854 855 960 
4 962 294 964 966 
7 978 359 82 354 355 356 979 
3 994 215 214 
3 1123 55 1588 
3 1144 1492 1145 
4 1209 1206 162 512 
4 1209 1206 162 1213 
6 1287 652 24 30 649 651 
6 1287 652 24 30 649 1176 
3 1298 106 107 
3 1298 61 661 
4 1342 142 8 11 
4 1342 142 8 114 
6 1475 1481 1472 1474 1477 1471 
6 1475 1481 1472 1474 1477 1505 
3 1551 635 634 
3 1551 144 377 
5 1602 354 356 82 358 
5 1602 354 356 82 359 
5 1602 354 356 220 358 
5 1602 354 356 220 359 
4 1604 711 580 829 
3 1850 98 55 
3 2141 38 683 
4 2380 915 222 1436 
3 2419 8 137 
3 2475 56 61 
3 2542 212 2582 
3 2542 212 2598 
3 2542 212 2660 
3 16 8 6 
4 42 739 590 662 
6 110 438 109 111 112 435 
3 121 291 301 
3 121 291 676 
5 138 8 9 257 114 
4 138 8 9 672 
4 138 8 2013 114 
3 285 214 377 
3 287 1260 18 
3 287 1260 57 
3 287 1260 657 
3 287 590 657 
3 287 1005 18 
6 343 341 340 344 345 348 
5 343 341 340 344 346 
3 375 380 38 
7 398 115 389 395 399 404 406 
6 398 115 389 395 399 410 
3 440 1495 2013 
7 460 461 305 458 463 456 464 
6 460 461 305 458 463 1558 
6 516 505 507 500 513 1206 
5 516 505 507 500 2533 
6 516 505 507 162 513 1206 
3 528 527 532 
5 538 44 135 533 51 
5 538 44 135 533 537 
5 549 548 550 551 547 
5 549 548 550 551 921 
5 549 548 550 551 2256 
4 549 548 550 1818 
3 719 721 402 
3 719 721 720 
6 722 82 356 354 355 1672 
5 722 82 356 354 218 
5 722 82 356 357 218 
5 722 82 356 357 1672 
3 726 249 1882 
3 781 405 115 
3 781 106 107 
4 798 657 590 661 
3 798 51 135 
3 907 517 298 
3 974 852 205 
4 1036 1033 1035 1037 
3 1036 1033 621 
7 1040 1043 1038 1041 1042 1044 1045 
3 1040 1043 64 
3 1093 357 289 
3 1093 357 698 
3 1093 357 1087 
6 1159 1158 1163 481 1160 1161 
6 1159 1158 1163 481 1160 1291 
5 1159 1158 1163 1165 1161 
5 1159 1158 1163 1165 1291 
5 1171 213 56 61 53 
5 1171 213 56 61 57 
3 1171 213 1099 
6 1196 1269 219 1240 1241 1268 
4 1196 1269 219 272 
6 1196 1269 271 1240 1241 1268 
4 1196 1269 271 272 
5 1197 272 218 358 220 
5 1197 272 218 358 698 
6 1266 1264 44 135 150 51 
6 1266 1264 44 135 150 1265 
3 1286 298 1330 
3 1286 298 2279 
3 1305 65 350 
3 1350 55 869 
3 1495 96 2013 
3 1495 96 2074 
3 1495 885 2074 
5 1504 88 85 438 1019 
6 1506 1480 1474 1479 1476 1478 
6 1506 1480 1474 1479 1476 1505 
6 1506 1480 1474 1479 1477 1478 
6 1506 1480 1474 1479 1477 1505 
5 1623 408 409 411 943 
3 1882 1472 1476 
3 1882 1472 1477 
3 2259 135 137 
3 92 281 282 
3 92 8 142 
4 93 55 885 582 
4 93 55 885 1588 
3 93 55 939 
3 93 1737 1211 
3 93 1211 582 
3 93 1211 939 
3 129 133 913 
3 129 133 2034 
4 148 114 8 194 
3 194 397 196 
5 210 61 53 56 213 
3 210 61 214 
4 210 212 215 214 
4 256 9 8 11 
3 265 2013 709 
7 281 1613 257 280 282 283 252 
7 281 1613 257 280 282 283 279 
4 288 142 8 9 
6 327 331 324 329 330 332 
5 331 329 330 1165 1788 
3 371 1111 57 
7 396 115 389 395 399 404 406 
6 396 115 389 395 399 410 
4 515 511 504 162 
4 515 511 504 500 
4 515 511 504 1742 
4 515 511 1213 162 
4 515 511 1213 500 
3 621 1033 620 
6 632 1239 1242 631 634 878 
4 632 1239 1242 1240 
4 632 1239 1241 1240 
6 632 635 631 634 878 1242 
3 632 635 1241 
4 710 2013 55 709 
3 710 2013 403 
3 710 712 709 
5 971 51 8 135 137 
7 1038 1039 1041 1042 1043 1044 1045 
7 1175 652 27 30 24 648 651 
6 1175 652 27 30 24 1176 
7 1175 652 27 30 650 648 651 
4 1205 56 52 61 
3 1419 1672 107 
7 1478 1471 1473 1474 1479 1480 1476 
7 1478 1471 1473 1474 1479 1480 1477 
6 1507 1476 1474 1479 1471 1480 
6 1507 1476 1474 1479 1471 1481 
6 1507 1476 1474 1479 1505 1480 
6 1507 1476 1474 1479 1505 1481 
6 1558 459 305 458 457 461 
6 1558 459 305 458 457 462 
6 1558 459 305 458 463 461 
6 1558 459 305 458 463 462 
7 1613 114 279 257 280 282 283 
5 1742 504 503 507 511 
4 2003 61 57 65 
3 2003 61 11 
3 2003 61 419 
3 2061 411 392 
3 2061 411 402 
6 2374 660 590 657 670 744 
6 2391 1560 593 601 605 1561 
4 2520 885 1469 582 
4 2520 885 1469 1953 
4 2520 885 55 582 
3 2520 1211 582 
9 26 23 24 25 30 27 29 480 482 
6 26 23 24 25 30 350 
3 59 189 184 
3 117 2278 377 
3 139 1082 61 
3 139 61 137 
5 140 2215 135 9 114 
5 140 2215 135 9 2216 
5 140 2215 135 44 2216 
3 203 241 204 
3 275 57 56 
3 275 57 1519 
3 275 144 56 
8 390 404 115 389 395 399 406 400 
8 390 404 115 389 395 399 406 405 
4 484 61 213 419 
6 506 1206 162 507 504 511 
6 506 1206 162 507 504 513 
6 506 1206 162 507 505 513 
6 506 1206 162 508 505 513 
6 506 1206 500 507 504 511 
6 506 1206 500 507 504 513 
6 506 1206 500 507 505 513 
6 506 1206 500 508 505 513 
5 533 150 44 135 51 
5 533 150 44 135 537 
3 553 911 552 
3 553 144 2347 
5 631 634 878 1242 163 
6 631 634 878 1242 633 1239 
8 647 648 649 27 30 651 652 24 
8 647 648 649 27 30 651 652 650 
4 647 648 649 8 
8 650 1234 27 30 648 649 651 652 
10 748 665 590 657 661 664 666 670 739 744 
3 757 2013 61 
4 783 788 65 350 
4 836 55 829 834 
3 836 55 683 
6 929 954 456 457 458 307 
6 929 954 456 457 458 308 
3 929 205 298 
9 1018 1017 86 88 89 438 1019 1020 85 
9 1018 1017 86 88 89 438 1019 1020 87 
7 1164 1158 27 1163 483 1160 1161 
7 1164 1158 27 1163 483 1160 1291 
6 1164 1158 27 1163 1165 1161 
6 1164 1158 27 1163 1165 1291 
5 1164 1158 8 1160 1161 
5 1164 1158 8 1160 1291 
3 1176 649 8 
3 1176 649 895 
6 1176 649 27 24 30 652 
8 1192 240 231 238 241 230 239 233 
8 1192 240 231 238 241 230 239 444 
7 1192 240 231 238 241 1190 233 
7 1192 240 231 238 241 1190 444 
4 1208 1213 513 1206 
3 1330 895 298 
4 1466 579 64 582 
3 1560 410 593 
4 1985 57 61 56 
4 1985 57 61 350 
3 1985 436 554 
5 2306 1241 220 219 289 
5 2306 1241 220 219 1240 
5 2306 1241 220 1198 271 
5 2306 1241 220 271 1240 
4 2306 1241 1239 1198 
4 2306 1241 1239 1240 
3 2605 1211 1737 
3 32 65 61 
3 68 57 52 
3 68 57 577 
3 68 57 869 
8 87 86 88 438 1019 1020 84 78 
8 87 86 88 438 1019 1020 78 89 
3 91 96 67 
3 91 97 98 
3 111 61 56 
3 111 56 438 
4 163 358 218 164 
4 163 358 218 1269 
3 163 358 1198 
3 163 878 164 
3 163 1242 1269 
5 271 1268 1241 220 357 
5 271 1268 1241 220 1198 
5 271 1268 1241 220 1240 
5 271 1268 1241 1269 357 
4 271 272 357 220 
4 271 272 357 1269 
4 271 272 1198 220 
3 294 431 291 
7 359 979 356 82 1672 354 355 
6 359 979 356 82 1672 357 
6 359 979 356 220 354 355 
5 359 979 356 220 357 
10 392 1780 198 389 403 406 408 409 411 943 
6 400 395 389 399 115 397 
6 400 395 389 399 115 410 
6 400 395 389 399 407 406 
5 407 406 389 391 721 
5 407 406 389 403 409 
6 407 406 389 405 395 399 
9 427 432 183 184 187 189 426 182 191 
8 427 432 183 184 187 189 426 425 
7 459 464 305 456 458 457 461 
7 459 464 305 456 458 457 462 
7 459 464 305 456 458 463 461 
7 459 464 305 456 458 463 462 
4 461 1254 456 464 
4 462 1254 456 464 
4 572 580 55 1060 
3 572 137 1721 
4 633 219 1289 358 
4 633 164 878 1239 
3 633 164 358 
3 635 164 358 
3 635 164 878 
3 635 358 1269 
3 635 1269 1241 
3 635 1269 1242 
3 672 8 1243 
4 672 8 11 9 
3 672 53 56 
6 711 55 580 829 713 1322 
4 711 55 580 1060 
3 711 55 1198 
4 711 55 709 713 
6 970 51 8 114 135 9 
6 970 51 8 114 135 137 
3 1045 1198 1041 
6 1079 458 304 308 545 546 
5 1079 458 304 308 463 
6 1079 458 304 307 545 546 
6 1079 458 465 545 546 307 
6 1079 458 465 545 546 308 
3 1111 298 144 
3 1111 298 205 
3 1111 298 895 
3 1111 57 583 
3 1111 852 205 
4 1234 30 27 410 
8 1234 30 27 24 648 649 651 652 
3 1265 44 397 
3 1265 44 567 
5 1265 44 2216 135 150 
10 1316 598 592 593 595 596 597 601 602 605 
3 1322 318 97 
5 1322 97 55 580 713 
3 2113 252 257 
3 2278 895 377 
3 23 8 482 
5 23 28 29 25 482 
3 96 67 567 
3 96 67 2013 
3 96 67 2250 
3 164 1239 1240 
3 164 1240 1268 
4 164 357 358 218 
4 164 357 358 1268 
12 186 181 182 183 184 185 187 189 190 191 426 432 
6 279 280 9 8 114 257 
5 279 280 9 8 11 
6 279 280 9 282 114 257 
3 279 280 64 
7 397 405 115 395 399 389 412 
6 397 405 115 395 399 196 
3 419 61 66 
3 419 61 415 
3 431 298 291 
3 431 298 895 
3 431 187 425 
7 465 954 457 458 307 545 546 
6 465 954 457 458 307 305 
7 465 954 457 458 308 545 546 
6 465 954 457 458 308 305 
3 578 532 236 
7 720 805 391 411 810 688 721 
7 720 805 391 411 810 688 1479 
7 720 805 391 411 810 808 721 
7 720 805 391 411 810 808 1479 
6 805 391 411 389 402 721 
7 805 391 411 402 721 810 688 
7 805 391 411 402 721 810 808 
7 809 402 411 412 389 403 943 
7 809 402 411 412 389 391 721 
7 809 402 411 412 688 391 721 
7 809 402 411 412 808 391 721 
7 809 402 411 810 391 721 688 
7 809 402 411 810 391 721 808 
4 852 205 38 2347 
3 852 205 649 
3 1087 219 357 
3 1254 895 298 
7 1471 1473 1472 1474 1479 1476 1480 
7 1471 1473 1472 1474 1479 1476 1481 
7 1471 1473 1472 1474 1479 1477 1480 
7 1471 1473 1472 1474 1479 1477 1481 
7 1481 1505 1472 1473 1474 1479 1476 
7 1481 1505 1472 1473 1474 1479 1477 
7 1505 1480 1472 1473 1474 1479 1476 
7 1505 1480 1472 1473 1474 1479 1477 
3 1519 318 97 
11 1780 408 198 389 402 403 406 409 411 412 943 
4 2250 64 579 885 
3 2250 64 1585 
3 2250 67 18 
3 2250 18 885 
3 2279 65 299 
3 2279 298 517 
6 2312 503 500 507 509 511 
4 2312 503 500 508 
5 2533 503 500 505 507 
5 2533 503 500 505 1213 
5 2533 503 500 509 507 
5 2533 503 500 509 1213 
8 86 85 78 438 1019 88 1020 84 
8 86 85 78 438 1019 88 1020 89 
6 86 85 78 438 1019 1244 
3 109 436 298 
3 116 377 2660 
12 181 188 182 183 184 185 187 189 190 191 426 432 
9 228 233 231 241 226 240 227 235 239 
9 228 233 231 241 226 240 227 235 1190 
9 228 233 231 241 226 240 227 230 239 
9 228 233 231 241 226 240 232 235 239 
9 228 233 231 241 226 240 232 235 1190 
9 228 233 231 241 226 240 232 230 239 
7 228 233 231 241 518 227 239 
7 228 233 231 241 518 227 1190 
6 355 356 354 1289 358 82 
5 355 356 354 358 220 
6 355 356 354 358 1672 82 
5 355 356 289 358 220 
5 355 356 289 358 1289 
5 355 356 289 358 1672 
6 480 25 27 482 483 29 
6 480 25 27 482 483 481 
7 480 25 27 482 481 24 30 
6 504 503 1206 162 507 511 
6 504 503 1206 162 507 513 
6 504 503 1206 162 512 511 
6 504 503 1206 500 507 511 
6 504 503 1206 500 507 513 
6 504 503 1206 500 512 511 
4 583 577 57 249 
5 808 412 1479 391 411 
3 810 1474 1479 
7 810 406 402 391 411 688 721 
7 953 304 458 308 954 545 546 
6 953 304 458 308 954 305 
6 953 304 458 308 463 305 
7 953 304 458 307 954 545 546 
6 953 304 458 307 954 305 
7 1158 481 27 483 1160 1163 1161 
7 1158 481 27 483 1160 1163 1291 
3 1160 11 8 
8 1191 227 231 233 238 239 240 230 
8 1191 227 231 233 238 239 240 235 
8 1191 227 231 233 238 239 240 237 
8 1191 227 231 233 238 239 447 230 
8 1191 227 231 233 238 239 447 237 
8 1191 227 231 233 238 1190 237 240 
8 1191 227 231 233 238 1190 237 447 
8 1191 227 231 233 238 1190 235 240 
3 1264 579 582 
3 1264 580 55 
3 1264 55 582 
5 1473 107 1472 1479 1480 
3 1788 107 330 
3 25 483 350 
3 29 879 28 
4 54 8 135 2216 
3 54 8 1800 
3 54 8 2013 
3 54 52 65 
3 54 1005 2013 
3 54 65 2013 
4 113 2216 11 61 
3 113 2216 253 
3 113 114 2013 
4 113 2013 11 61 
10 229 238 231 241 232 226 233 230 239 240 
10 229 238 231 241 232 226 233 230 239 447 
9 229 238 231 241 232 226 233 1190 240 
9 229 238 231 241 232 226 233 1190 447 
9 229 238 231 241 232 444 230 239 240 
9 229 238 231 241 232 444 230 239 447 
8 229 238 231 241 232 444 1190 240 
8 229 238 231 241 232 444 1190 447 
7 229 238 231 241 518 233 239 
7 229 238 231 241 518 233 1190 
9 235 238 226 231 233 240 241 227 239 
9 235 238 226 231 233 240 241 227 1190 
9 235 238 226 231 233 240 241 232 239 
9 235 238 226 231 233 240 241 232 1190 
8 304 456 458 308 457 954 545 546 
7 304 456 458 308 457 954 305 
6 304 456 458 308 463 305 
8 304 456 458 307 457 954 545 546 
7 304 456 458 307 457 954 305 
3 315 1236 142 
3 315 1236 318 
6 354 218 356 82 1289 358 
5 354 218 356 82 979 
5 354 218 356 220 358 
5 354 218 356 220 979 
8 444 238 231 241 227 237 1190 240 
8 444 238 231 241 227 237 1190 447 
8 444 238 231 241 227 237 239 240 
8 444 238 231 241 227 237 239 447 
8 444 238 231 241 227 230 239 240 
8 444 238 231 241 227 230 239 447 
8 444 238 231 241 237 232 239 240 
8 444 238 231 241 237 232 239 447 
8 444 238 231 241 237 232 1190 240 
8 444 238 231 241 237 232 1190 447 
7 505 513 503 1206 162 508 1213 
6 505 513 503 1206 162 507 
7 505 513 503 1206 500 508 1213 
6 505 513 503 1206 500 507 
3 505 2495 508 
6 509 511 503 1206 162 507 
6 509 511 503 1206 162 1213 
6 509 511 503 1206 500 507 
6 509 511 503 1206 500 1213 
3 522 2013 1005 
12 589 598 592 595 596 597 599 601 602 605 588 593 
12 589 598 592 595 596 597 599 601 602 605 588 600 
12 589 598 592 595 596 597 599 601 602 605 1021 600 
5 688 412 391 411 1479 
7 688 412 391 411 406 402 721 
11 746 663 590 657 664 666 670 739 744 659 667 
10 746 663 590 657 664 666 670 739 744 658 
10 746 663 590 657 664 666 670 739 744 668 
3 819 1019 438 
3 911 554 436 
3 911 554 552 
3 913 55 8 
3 913 55 582 
3 913 142 8 
3 913 567 582 
6 979 356 272 357 82 218 
6 979 356 272 357 82 1672 
6 979 356 272 357 220 218 
3 979 106 1672 
4 1099 55 97 98 
3 1099 55 1581 
3 1242 1269 1240 
6 1268 1241 1289 219 1269 357 
6 1268 1241 1289 219 1269 1240 
5 1268 1241 219 220 357 
5 1268 1241 219 220 1240 
6 1268 358 357 219 1269 1289 
5 1268 358 357 219 220 
4 1268 358 1198 220 
3 1480 106 107 
3 1544 8 11 
10 188 425 183 184 185 187 189 190 426 432 
4 253 2216 9 142 
4 253 2216 9 2215 
3 253 2216 249 
4 253 2216 150 44 
4 253 2216 44 2215 
3 293 508 291 
3 293 1064 301 
9 447 233 226 231 238 241 227 237 239 
9 447 233 226 231 238 241 227 237 1190 
9 447 233 226 231 238 241 227 230 239 
9 447 233 226 231 238 241 237 232 239 
9 447 233 226 231 238 241 237 232 1190 
3 495 608 607 
3 829 55 8 
3 829 11 8 
3 848 847 376 
3 859 2216 142 
4 864 9 8 11 
4 864 9 8 114 
3 943 1474 403 
3 1044 1082 1039 
3 1236 38 236 
3 1672 107 106 
6 1672 289 358 272 356 357 
6 1672 358 82 272 356 357 
6 2215 2216 9 257 252 254 
5 2215 2216 9 257 8 
6 2215 2216 9 51 135 8 
6 2215 2216 44 51 8 135 
6 2215 114 8 9 51 135 
5 2215 114 8 9 257 
3 2347 137 38 
7 82 1289 218 272 356 357 358 
3 214 18 277 
3 214 61 377 
3 254 2216 61 
3 254 2216 204 
6 254 2216 142 9 252 257 
3 254 144 56 
3 254 56 61 
6 404 405 115 395 399 196 
8 404 405 115 395 399 412 389 406 
7 405 410 389 115 395 399 412 
8 518 237 227 231 233 238 241 239 
8 518 237 227 231 233 238 241 1190 
3 518 252 1190 
3 554 2660 436 
14 658 656 657 660 664 665 666 744 590 661 663 670 739 750 
9 658 656 657 660 664 665 666 744 213 
14 668 656 657 660 664 665 666 744 590 661 663 670 739 750 
9 668 656 657 660 664 665 666 744 213 
4 834 582 64 579 
3 834 582 55 
3 834 582 1211 
3 834 106 107 
5 1241 289 219 357 220 
5 1241 289 219 357 1289 
3 1863 18 567 
4 2034 142 9 11 
4 2034 142 9 114 
3 2034 55 97 
3 2034 133 97 
3 133 508 1206 
9 232 237 240 226 231 233 238 241 239 
9 232 237 240 226 231 233 238 241 1190 
9 237 240 227 226 231 233 238 241 239 
9 237 240 227 226 231 233 238 241 1190 
7 391 389 406 402 411 412 721 
3 482 11 8 
3 482 114 8 
3 552 56 2013 
3 552 205 38 
3 552 205 298 
16 669 656 657 660 664 665 666 744 590 659 661 662 663 670 739 750 
9 669 656 657 660 664 665 666 744 213 
7 1289 272 218 357 358 219 289 
7 1289 272 218 357 358 219 1269 
7 1289 272 218 357 358 356 289 
3 1477 1243 1479 
9 230 238 226 227 231 233 239 240 241 
4 299 57 65 350 
3 299 57 291 
3 318 1198 97 
7 356 220 218 272 289 357 358 
16 667 656 657 660 664 665 666 744 590 659 661 662 663 670 739 750 
9 667 656 657 660 664 665 666 744 213 
4 792 8 9 11 
4 792 8 9 114 
4 792 8 1243 114 
3 792 61 11 
3 1211 580 682 
3 1211 580 713 
3 1211 580 941 
3 1211 1585 582 
3 1211 2074 582 
3 1211 582 682 
3 1472 941 1474 
4 1472 1394 1399 1737 
4 67 18 709 567 
4 67 18 709 712 
4 67 18 709 2013 
4 67 18 532 567 
3 67 52 66 
5 252 257 9 280 282 
7 289 220 218 219 272 357 358 
4 577 61 53 56 
4 577 61 53 350 
4 577 61 53 582 
5 577 61 65 57 350 
4 577 61 57 56 
3 577 97 580 
3 577 579 582 
3 1163 1161 18 
4 1163 1161 106 107 
6 150 44 135 8 2216 51 
3 537 18 135 
4 227 18 226 233 
3 239 204 241 
6 272 358 218 357 689 698 
4 272 358 1198 220 
3 436 2660 298 
3 593 11 9 
3 593 114 9 
4 1064 55 98 97 
4 1064 55 98 1394 
3 1064 55 709 
3 1064 55 1060 
4 98 97 55 1082 
4 98 97 55 1198 
4 98 97 55 2074 
3 98 97 107 
3 98 403 1198 
3 98 403 2074 
4 98 1394 1082 55 
3 238 106 107 
3 377 8 144 
3 377 895 2660 
5 567 582 64 885 1469 
3 567 582 11 
3 567 582 1547 
3 567 532 11 
3 567 18 885 
3 204 1190 241 
3 241 236 226 
4 608 607 9 11 
4 608 607 9 114 
4 608 607 56 61 
4 608 607 61 11 
3 608 65 61 
4 608 8 9 11 
4 608 8 9 114 
3 532 282 283 
3 532 939 11 
3 532 939 18 
3 660 64 744 
3 403 2013 402 
5 579 64 885 1917 582 
4 579 64 885 1588 
4 579 64 885 2149 
3 579 64 280 
3 579 64 938 
3 579 64 1737 
3 579 64 1833 
4 579 64 939 2013 
4 579 64 2013 582 
3 1800 114 8 
4 144 213 53 56 
4 2216 8 879 135 
5 2216 8 11 142 9 
6 2216 8 142 9 51 135 
5 2216 8 142 9 257 
3 2216 61 879 
3 97 55 939 
4 97 55 682 580 
3 97 106 107 
4 739 0 590 662 
5 51 135 8 114 1243 
6 51 135 8 114 142 9 
6 51 135 8 114 142 137 
5 51 135 8 44 1243 
3 51 135 2660 
3 51 895 2660 
3 106 107 551 
3 580 55 941 
4 580 55 2013 713 
4 580 1124 878 2013 
3 580 878 941 
3 2660 895 298 
3 249 213 57 
3 65 61 2013 
4 65 61 52 57 
4 65 61 879 350 
3 65 878 350 
3 65 878 2013 
3 142 9 162 
5 142 9 114 257 8 
4 9 20 6 11 
4 9 6 8 11 
3 657 1832 1833 
3 38 8 137 
3 38 8 1957 
3 38 683 137 
3 236 2013 1547 
3 114 2074 1243 
3 64 52 2149 
3 64 940 938 
3 64 1060 939 
3 64 1585 582 
4 64 1953 1469 885 
4 64 2074 582 885 
5 64 1469 1917 582 885 
4 57 56 61 52 
4 57 56 61 939 
4 2013 55 8 939 
4 2013 55 582 1547 
4 2013 55 713 709 
3 2013 878 18 
3 2013 1005 18 
3 2013 1005 582 
3 2013 1124 8 
4 2013 53 61 56 
4 2013 53 61 582 
4 2013 56 939 61 
4 2013 11 61 582 
4 2013 11 61 939 
4 2013 11 8 939 
3 2013 18 939 
3 55 683 682 
3 55 941 938 
3 55 1060 939 
3 55 1585 582 
3 55 1660 8 
3 55 682 582 
3 55 938 713 
4 55 1917 885 582 
4 55 2074 885 582 
3 55 1394 713 
3 55 1394 885 
3 56 61 661 
3 56 61 879 
4 56 61 66 52 
4 56 61 607 53 
4 56 61 53 52 
3 56 1060 939 
3 18 6 14 
3 18 689 698 
3 18 997 1005 
3 18 1394 885 
3 18 1581 1005 
3 18 1953 885 
3 18 2074 885 
4 18 938 941 878 
3 8 11 951 
3 8 11 1957 
3 8 1124 951 
3 8 1243 951 
